{"labelData": ["AUD", "CA1", "CA2", "CA3", "DG", "Entl", "Entm", "Hippo", "MOp", "PO", "RSP", "SSp", "Spt", "Sub", "Tea", "VISa", "VM", "VPL", "VPM", "cc", "fim", "mPFC"], "chordData": [[0, 0, 0, 0, 0, 0, 0, 0, 0, 0, 0, 0, 0, 0, 0, 0, 0, 0, 0, 0, 0, 0], [0, 0, 0, 0, 0, 0, 0, 0, 0, 0, 0, 0, 0, 0, 0, 0, 0, 0, 0, 0, 0, 0], [0, 0, 0, 0, 0, 0, 0, 0, 0, 0, 0, 0, 0, 0, 0, 0, 0, 0, 0, 0, 0, 0], [0, 0, 0, 0, 0, 0, 0, 0, 0, 0, 0, 0, 0, 0, 0, 0, 0, 0, 0, 0, 0, 0], [0, 0, 0, 0, 0, 0, 0, 0, 0, 0, 0, 0, 0, 0, 0, 0, 0, 0, 0, 0, 0, 0], [0, 0, 0, 0, 0, 2858160, 405902, 56702, 8756, 266, 9742, 26628, 15794, 153658, 96532, 4098, 3616, 936, 368, 202878, 4516, 1976], [0, 0, 0, 0, 0, 405902, 4126432, 400476, 58, 508, 229262, 1908, 10996, 360436, 1994, 6420, 4568, 1280, 1024, 156096, 1828, 342], [0, 0, 0, 0, 0, 56702, 400476, 5472036, 666, 31862, 565898, 4276, 237988, 726016, 14132, 670, 33338, 41184, 31080, 1046174, 648484, 8016], [0, 0, 0, 0, 0, 8756, 58, 666, 1486384, 298, 55790, 337500, 722, 24, 11294, 960, 1098, 302, 8, 544948, 362, 78750], [0, 0, 0, 0, 0, 266, 508, 31862, 298, 1260, 16702, 60, 11986, 170, 510, 0, 15228, 18890, 73260, 12724, 3278, 282], [0, 0, 0, 0, 0, 9742, 229262, 565898, 55790, 16702, 6779548, 42430, 60766, 83790, 14878, 39888, 40662, 14220, 13354, 731737, 12298, 267548], [0, 0, 0, 0, 0, 26628, 1908, 4276, 337500, 60, 42430, 3304158, 3082, 1334, 36002, 114220, 408, 2008, 616, 624966, 354, 5304], [0, 0, 0, 0, 0, 15794, 10996, 237988, 722, 11986, 60766, 3082, 1258640, 12412, 7894, 1458, 39428, 14570, 7170, 939736, 282376, 88068], [0, 0, 0, 0, 0, 153658, 360436, 726016, 24, 170, 83790, 1334, 12412, 272, 6414, 62, 1482, 974, 216, 263350, 2948, 438], [0, 0, 0, 0, 0, 96532, 1994, 14132, 11294, 510, 14878, 36002, 7894, 6414, 340508, 1504, 3472, 2488, 358, 120124, 1996, 798], [0, 0, 0, 0, 0, 4098, 6420, 670, 960, 0, 39888, 114220, 1458, 62, 1504, 282476, 18, 172, 162, 75418, 26, 22], [0, 0, 0, 0, 0, 3616, 4568, 33338, 1098, 15228, 40662, 408, 39428, 1482, 3472, 18, 32028, 23232, 6104, 99948, 7934, 1660], [0, 0, 0, 0, 0, 936, 1280, 41184, 302, 18890, 14220, 2008, 14570, 974, 2488, 172, 23232, 284, 150070, 174256, 3610, 248], [0, 0, 0, 0, 0, 368, 1024, 31080, 8, 73260, 13354, 616, 7170, 216, 358, 162, 6104, 150070, 364, 36488, 1114, 138], [0, 0, 0, 0, 0, 202878, 156096, 1046174, 544948, 12724, 731737, 624966, 939736, 263350, 120124, 75418, 99948, 174256, 36488, 4418480, 129940, 286024], [0, 0, 0, 0, 0, 4516, 1828, 648484, 362, 3278, 12298, 354, 282376, 2948, 1996, 26, 7934, 3610, 1114, 129940, 306532, 1782], [0, 0, 0, 0, 0, 1976, 342, 8016, 78750, 282, 267548, 5304, 88068, 438, 798, 22, 1660, 248, 138, 286024, 1782, 1705540]]}